start=1420.108991
pause=yes
volume=74.000000
