start=1423.004468
pause=yes
volume=130.000000
