start=1425.466000
audio-delay=-0.000000
