start=4.880000
pause=yes
volume=130.000000
