start=1428.094000
volume=130.000000
