start=1327.411000
pause=yes
volume=130.000000
audio-delay=-0.042000
