start=1422.838000
volume=130.000000
