start=1420.002000
pause=yes
volume=130.000000
