start=1322.281000
volume=130.000000
