start=1396.980000
volume=130.000000
