start=910.869000
pause=yes
volume=60.000000
