start=1403.339000
volume=130.000000
fullscreen=yes
