start=1420.062224
pause=yes
volume=99.499924
