start=1414.039000
volume=130.000000
