start=1067.776000
pause=yes
volume=130.000000
